QA1
Z=a+bP
B=1/V * dV/dP
Z1=0.28 +0.00208*500
Z1=1.32
Z2=0.28+0.00208*750
Z2=1.84

PV=RT
V=RT/P
V1=8.314x10-3*200K/500bar
V1=0.0033258L

